Initial Population
[ 1.00000000e+01  1.24031745e-01 -6.21194106e+00  4.93390314e-02
  3.81084816e-02  8.13236610e-05 -6.01876916e-05 -1.25158557e-07
  3.48409638e-08  4.16149250e-11 -6.73242018e-12][ 1.00000000e+01  1.24031745e-01 -6.21194106e+00  4.93390314e-02
  3.81084816e-02  8.13236610e-05 -6.01876916e-05 -1.37521937e-07
  3.48409638e-08  4.16149250e-11 -6.73242018e-12][ 1.00000000e+01  1.24031745e-01 -6.21194106e+00  4.93390314e-02
  3.81084816e-02  8.13236610e-05 -6.01876916e-05 -1.25158557e-07
  3.48409638e-08  4.16149250e-11 -6.49452741e-12][ 1.00000000e+01  1.24031745e-01 -6.21194106e+00  4.93390314e-02
  4.04794704e-02  8.13236610e-05 -6.01876916e-05 -1.25158557e-07
  3.48409638e-08  4.16149250e-11 -6.73242018e-12][ 1.00000000e+01  1.24031745e-01 -6.21194106e+00  4.93390314e-02
  3.81084816e-02  8.13236610e-05 -6.01876916e-05 -1.25158557e-07
  3.48409638e-08  4.16149250e-11 -7.22633031e-12][ 1.00000000e+01  1.24031745e-01 -6.10635223e+00  4.93390314e-02
  3.81084816e-02  8.13236610e-05 -6.01876916e-05 -1.25158557e-07
  3.48409638e-08  4.16149250e-11 -6.73242018e-12][ 9.49475496e+00  1.24031745e-01 -6.21194106e+00  4.93390314e-02
  3.81084816e-02  8.13236610e-05 -6.01876916e-05 -1.25158557e-07
  3.48409638e-08  4.16149250e-11 -6.73242018e-12][ 1.00000000e+01  1.24031745e-01 -6.21194106e+00  4.93390314e-02
  3.81084816e-02  8.74913266e-05 -6.01876916e-05 -1.25158557e-07
  3.48409638e-08  4.16149250e-11 -6.73242018e-12]
Generation : 0
Parents: [ 1.00000000e+01  1.24031745e-01 -6.10635223e+00  4.93390314e-02
  3.81084816e-02  8.13236610e-05 -6.01876916e-05 -1.25158557e-07
  3.48409638e-08  4.16149250e-11 -6.73242018e-12][ 1.00000000e+01  1.24031745e-01 -6.21194106e+00  4.93390314e-02
  3.81084816e-02  8.13236610e-05 -6.01876916e-05 -1.25158557e-07
  3.48409638e-08  4.16149250e-11 -6.73242018e-12][ 9.49475496e+00  1.24031745e-01 -6.21194106e+00  4.93390314e-02
  3.81084816e-02  8.13236610e-05 -6.01876916e-05 -1.25158557e-07
  3.48409638e-08  4.16149250e-11 -6.73242018e-12][ 1.00000000e+01  1.24031745e-01 -6.21194106e+00  4.93390314e-02
  3.81084816e-02  8.74913266e-05 -6.01876916e-05 -1.25158557e-07
  3.48409638e-08  4.16149250e-11 -6.73242018e-12]
offspring crossover : [ 1.00000000e+01  1.24031745e-01 -6.10635223e+00  4.93390314e-02
  3.81084816e-02  8.13236610e-05 -6.01876916e-05 -1.25158557e-07
  3.48409638e-08  4.16149250e-11 -6.73242018e-12][ 9.49475496e+00  1.24031745e-01 -6.21194106e+00  4.93390314e-02
  3.81084816e-02  8.13236610e-05 -6.01876916e-05 -1.25158557e-07
  3.48409638e-08  4.16149250e-11 -6.73242018e-12][ 9.49475496e+00  1.24031745e-01 -6.21194106e+00  4.93390314e-02
  3.81084816e-02  8.74913266e-05 -6.01876916e-05 -1.25158557e-07
  3.48409638e-08  4.16149250e-11 -6.73242018e-12][ 1.00000000e+01  1.24031745e-01 -6.21194106e+00  4.93390314e-02
  3.81084816e-02  8.74913266e-05 -6.01876916e-05 -1.25158557e-07
  3.48409638e-08  4.16149250e-11 -6.73242018e-12]
offspring_mutation : [ 1.00000000e+01  1.24031745e-01 -6.10635223e+00  4.93390314e-02
  3.81084816e-02  8.13236610e-05 -6.01876916e-05 -1.25158557e-07
  3.62505876e-08  4.16149250e-11 -6.73242018e-12][ 9.49475496e+00  1.24031745e-01 -6.21194106e+00  4.57778390e-02
  3.81084816e-02  8.13236610e-05 -6.01876916e-05 -1.25158557e-07
  3.48409638e-08  4.16149250e-11 -6.73242018e-12][ 9.49475496e+00  1.23010393e-01 -6.21194106e+00  4.93390314e-02
  3.81084816e-02  8.74913266e-05 -6.01876916e-05 -1.25158557e-07
  3.48409638e-08  4.16149250e-11 -6.73242018e-12][ 1.00000000e+01  1.24031745e-01 -6.21194106e+00  4.93390314e-02
  3.81084816e-02  8.74913266e-05 -6.01876916e-05 -1.25158557e-07
  3.19165006e-08  4.16149250e-11 -6.73242018e-12]

Generation : 1
Parents: [ 1.00000000e+01  1.24031745e-01 -6.10635223e+00  4.93390314e-02
  3.81084816e-02  8.13236610e-05 -6.01876916e-05 -1.25158557e-07
  3.48409638e-08  4.16149250e-11 -6.73242018e-12][ 9.49475496e+00  1.24031745e-01 -6.21194106e+00  4.57778390e-02
  3.81084816e-02  8.13236610e-05 -6.01876916e-05 -1.25158557e-07
  3.48409638e-08  4.16149250e-11 -6.73242018e-12][ 1.00000000e+01  1.24031745e-01 -6.21194106e+00  4.93390314e-02
  3.81084816e-02  8.13236610e-05 -6.01876916e-05 -1.25158557e-07
  3.48409638e-08  4.16149250e-11 -6.73242018e-12][ 9.49475496e+00  1.24031745e-01 -6.21194106e+00  4.93390314e-02
  3.81084816e-02  8.13236610e-05 -6.01876916e-05 -1.25158557e-07
  3.48409638e-08  4.16149250e-11 -6.73242018e-12]
offspring crossover : [ 1.00000000e+01  1.24031745e-01 -6.10635223e+00  4.93390314e-02
  3.81084816e-02  8.13236610e-05 -6.01876916e-05 -1.25158557e-07
  3.48409638e-08  4.16149250e-11 -6.73242018e-12][ 9.49475496e+00  1.24031745e-01 -6.21194106e+00  4.93390314e-02
  3.81084816e-02  8.13236610e-05 -6.01876916e-05 -1.25158557e-07
  3.48409638e-08  4.16149250e-11 -6.73242018e-12][ 9.49475496e+00  1.24031745e-01 -6.21194106e+00  4.93390314e-02
  3.81084816e-02  8.13236610e-05 -6.01876916e-05 -1.25158557e-07
  3.48409638e-08  4.16149250e-11 -6.73242018e-12][ 1.00000000e+01  1.24031745e-01 -6.21194106e+00  4.93390314e-02
  3.81084816e-02  8.13236610e-05 -6.01876916e-05 -1.25158557e-07
  3.48409638e-08  4.16149250e-11 -6.73242018e-12]
offspring_mutation : [ 1.00000000e+01  1.13972473e-01 -6.10635223e+00  4.93390314e-02
  3.81084816e-02  8.13236610e-05 -6.01876916e-05 -1.25158557e-07
  3.48409638e-08  4.16149250e-11 -6.73242018e-12][ 9.49475496e+00  1.24031745e-01 -6.21194106e+00  4.93390314e-02
  3.81084816e-02  8.13236610e-05 -5.90955857e-05 -1.25158557e-07
  3.48409638e-08  4.16149250e-11 -6.73242018e-12][ 9.49475496e+00  1.24031745e-01 -5.74571437e+00  4.93390314e-02
  3.81084816e-02  8.13236610e-05 -6.01876916e-05 -1.25158557e-07
  3.48409638e-08  4.16149250e-11 -6.73242018e-12][ 1.00000000e+01  1.24031745e-01 -6.21194106e+00  5.33698121e-02
  3.81084816e-02  8.13236610e-05 -6.01876916e-05 -1.25158557e-07
  3.48409638e-08  4.16149250e-11 -6.73242018e-12]

Generation : 2
Parents: [ 9.49475496e+00  1.24031745e-01 -5.74571437e+00  4.93390314e-02
  3.81084816e-02  8.13236610e-05 -6.01876916e-05 -1.25158557e-07
  3.48409638e-08  4.16149250e-11 -6.73242018e-12][ 1.00000000e+01  1.13972473e-01 -6.10635223e+00  4.93390314e-02
  3.81084816e-02  8.13236610e-05 -6.01876916e-05 -1.25158557e-07
  3.48409638e-08  4.16149250e-11 -6.73242018e-12][ 1.00000000e+01  1.24031745e-01 -6.10635223e+00  4.93390314e-02
  3.81084816e-02  8.13236610e-05 -6.01876916e-05 -1.25158557e-07
  3.48409638e-08  4.16149250e-11 -6.73242018e-12][ 9.49475496e+00  1.24031745e-01 -6.21194106e+00  4.57778390e-02
  3.81084816e-02  8.13236610e-05 -6.01876916e-05 -1.25158557e-07
  3.48409638e-08  4.16149250e-11 -6.73242018e-12]
offspring crossover : [ 9.49475496e+00  1.24031745e-01 -6.10635223e+00  4.93390314e-02
  3.81084816e-02  8.13236610e-05 -6.01876916e-05 -1.25158557e-07
  3.48409638e-08  4.16149250e-11 -6.73242018e-12][ 1.00000000e+01  1.24031745e-01 -6.10635223e+00  4.93390314e-02
  3.81084816e-02  8.13236610e-05 -6.01876916e-05 -1.25158557e-07
  3.48409638e-08  4.16149250e-11 -6.73242018e-12][ 9.49475496e+00  1.24031745e-01 -6.21194106e+00  4.57778390e-02
  3.81084816e-02  8.13236610e-05 -6.01876916e-05 -1.25158557e-07
  3.48409638e-08  4.16149250e-11 -6.73242018e-12][ 9.49475496e+00  1.24031745e-01 -6.21194106e+00  4.93390314e-02
  3.81084816e-02  8.13236610e-05 -6.01876916e-05 -1.25158557e-07
  3.48409638e-08  4.16149250e-11 -6.73242018e-12]
offspring_mutation : [ 9.49475496e+00  1.24031745e-01 -6.10635223e+00  4.93390314e-02
  3.81084816e-02  8.13236610e-05 -6.01876916e-05 -1.25158557e-07
  3.48409638e-08  4.34331415e-11 -6.73242018e-12][ 1.00000000e+01  1.24031745e-01 -6.10635223e+00  4.93390314e-02
  3.81084816e-02  8.13236610e-05 -6.01876916e-05 -1.34668474e-07
  3.48409638e-08  4.16149250e-11 -6.73242018e-12][ 9.49475496e+00  1.24031745e-01 -6.21194106e+00  4.57778390e-02
  4.01188603e-02  8.13236610e-05 -6.01876916e-05 -1.25158557e-07
  3.48409638e-08  4.16149250e-11 -6.73242018e-12][ 9.49475496e+00  1.24031745e-01 -6.21194106e+00  4.93390314e-02
  3.81084816e-02  8.13236610e-05 -6.01876916e-05 -1.13906865e-07
  3.48409638e-08  4.16149250e-11 -6.73242018e-12]

Generation : 3
Parents: [ 9.49475496e+00  1.24031745e-01 -5.74571437e+00  4.93390314e-02
  3.81084816e-02  8.13236610e-05 -6.01876916e-05 -1.25158557e-07
  3.48409638e-08  4.16149250e-11 -6.73242018e-12][ 1.00000000e+01  1.13972473e-01 -6.10635223e+00  4.93390314e-02
  3.81084816e-02  8.13236610e-05 -6.01876916e-05 -1.25158557e-07
  3.48409638e-08  4.16149250e-11 -6.73242018e-12][ 1.00000000e+01  1.24031745e-01 -6.10635223e+00  4.93390314e-02
  3.81084816e-02  8.13236610e-05 -6.01876916e-05 -1.25158557e-07
  3.48409638e-08  4.16149250e-11 -6.73242018e-12][ 9.49475496e+00  1.24031745e-01 -6.21194106e+00  4.57778390e-02
  3.81084816e-02  8.13236610e-05 -6.01876916e-05 -1.25158557e-07
  3.48409638e-08  4.16149250e-11 -6.73242018e-12]
offspring crossover : [ 9.49475496e+00  1.24031745e-01 -5.74571437e+00  4.93390314e-02
  3.81084816e-02  8.13236610e-05 -6.01876916e-05 -1.25158557e-07
  3.48409638e-08  4.16149250e-11 -6.73242018e-12][ 1.00000000e+01  1.24031745e-01 -6.10635223e+00  4.93390314e-02
  3.81084816e-02  8.13236610e-05 -6.01876916e-05 -1.25158557e-07
  3.48409638e-08  4.16149250e-11 -6.73242018e-12][ 9.49475496e+00  1.24031745e-01 -6.10635223e+00  4.57778390e-02
  3.81084816e-02  8.13236610e-05 -6.01876916e-05 -1.25158557e-07
  3.48409638e-08  4.16149250e-11 -6.73242018e-12][ 9.49475496e+00  1.24031745e-01 -6.21194106e+00  4.93390314e-02
  3.81084816e-02  8.13236610e-05 -6.01876916e-05 -1.25158557e-07
  3.48409638e-08  4.16149250e-11 -6.73242018e-12]
offspring_mutation : [ 9.49475496e+00  1.24031745e-01 -5.74571437e+00  4.93390314e-02
  3.81084816e-02  8.13236610e-05 -6.01876916e-05 -1.25158557e-07
  3.48409638e-08  4.37727190e-11 -6.73242018e-12][ 1.00000000e+01  1.31072518e-01 -6.10635223e+00  4.93390314e-02
  3.81084816e-02  8.13236610e-05 -6.01876916e-05 -1.25158557e-07
  3.48409638e-08  4.16149250e-11 -6.73242018e-12][ 9.49475496e+00  1.24031745e-01 -6.10635223e+00  4.57778390e-02
  3.81084816e-02  8.13236610e-05 -6.01876916e-05 -1.25158557e-07
  3.73495471e-08  4.16149250e-11 -6.73242018e-12][ 9.49475496e+00  1.24031745e-01 -6.21194106e+00  4.93390314e-02
  3.93897913e-02  8.13236610e-05 -6.01876916e-05 -1.25158557e-07
  3.48409638e-08  4.16149250e-11 -6.73242018e-12]

Generation : 4
Parents: [ 9.49475496e+00  1.24031745e-01 -5.74571437e+00  4.93390314e-02
  3.81084816e-02  8.13236610e-05 -6.01876916e-05 -1.25158557e-07
  3.48409638e-08  4.16149250e-11 -6.73242018e-12][ 1.00000000e+01  1.13972473e-01 -6.10635223e+00  4.93390314e-02
  3.81084816e-02  8.13236610e-05 -6.01876916e-05 -1.25158557e-07
  3.48409638e-08  4.16149250e-11 -6.73242018e-12][ 1.00000000e+01  1.24031745e-01 -6.10635223e+00  4.93390314e-02
  3.81084816e-02  8.13236610e-05 -6.01876916e-05 -1.25158557e-07
  3.48409638e-08  4.16149250e-11 -6.73242018e-12][ 1.00000000e+01  1.31072518e-01 -6.10635223e+00  4.93390314e-02
  3.81084816e-02  8.13236610e-05 -6.01876916e-05 -1.25158557e-07
  3.48409638e-08  4.16149250e-11 -6.73242018e-12]
offspring crossover : [ 1.00000000e+01  1.24031745e-01 -5.74571437e+00  4.93390314e-02
  3.81084816e-02  8.13236610e-05 -6.01876916e-05 -1.25158557e-07
  3.48409638e-08  4.16149250e-11 -6.73242018e-12][ 1.00000000e+01  1.24031745e-01 -6.10635223e+00  4.93390314e-02
  3.81084816e-02  8.13236610e-05 -6.01876916e-05 -1.25158557e-07
  3.48409638e-08  4.16149250e-11 -6.73242018e-12][ 1.00000000e+01  1.24031745e-01 -6.10635223e+00  4.93390314e-02
  3.81084816e-02  8.13236610e-05 -6.01876916e-05 -1.25158557e-07
  3.48409638e-08  4.16149250e-11 -6.73242018e-12][ 9.49475496e+00  1.24031745e-01 -6.10635223e+00  4.93390314e-02
  3.81084816e-02  8.13236610e-05 -6.01876916e-05 -1.25158557e-07
  3.48409638e-08  4.16149250e-11 -6.73242018e-12]
offspring_mutation : [ 1.00000000e+01  1.24031745e-01 -5.74571437e+00  4.93390314e-02
  3.81084816e-02  8.13236610e-05 -6.01876916e-05 -1.25158557e-07
  3.48409638e-08  3.88324152e-11 -6.73242018e-12][ 1.00000000e+01  1.24031745e-01 -6.10635223e+00  5.17226687e-02
  3.81084816e-02  8.13236610e-05 -6.01876916e-05 -1.25158557e-07
  3.48409638e-08  4.16149250e-11 -6.73242018e-12][ 1.00000000e+01  1.24031745e-01 -6.10635223e+00  4.93390314e-02
  3.81084816e-02  8.13236610e-05 -6.01876916e-05 -1.25158557e-07
  3.48409638e-08  4.16149250e-11 -6.71749638e-12][ 9.49475496e+00  1.24031745e-01 -6.10635223e+00  4.93390314e-02
  3.81084816e-02  8.13236610e-05 -6.01876916e-05 -1.25158557e-07
  3.48409638e-08  4.16149250e-11 -6.13101571e-12]

Generation : 5
Parents: [ 1.00000000e+01  1.24031745e-01 -6.10635223e+00  4.93390314e-02
  3.81084816e-02  8.13236610e-05 -6.01876916e-05 -1.25158557e-07
  3.48409638e-08  4.16149250e-11 -6.71749638e-12][ 1.00000000e+01  1.24031745e-01 -5.74571437e+00  4.93390314e-02
  3.81084816e-02  8.13236610e-05 -6.01876916e-05 -1.25158557e-07
  3.48409638e-08  3.88324152e-11 -6.73242018e-12][ 9.49475496e+00  1.24031745e-01 -5.74571437e+00  4.93390314e-02
  3.81084816e-02  8.13236610e-05 -6.01876916e-05 -1.25158557e-07
  3.48409638e-08  4.16149250e-11 -6.73242018e-12][ 1.00000000e+01  1.13972473e-01 -6.10635223e+00  4.93390314e-02
  3.81084816e-02  8.13236610e-05 -6.01876916e-05 -1.25158557e-07
  3.48409638e-08  4.16149250e-11 -6.73242018e-12]
offspring crossover : [ 1.00000000e+01  1.24031745e-01 -5.74571437e+00  4.93390314e-02
  3.81084816e-02  8.13236610e-05 -6.01876916e-05 -1.25158557e-07
  3.48409638e-08  3.88324152e-11 -6.71749638e-12][ 9.49475496e+00  1.24031745e-01 -5.74571437e+00  4.93390314e-02
  3.81084816e-02  8.13236610e-05 -6.01876916e-05 -1.25158557e-07
  3.48409638e-08  3.88324152e-11 -6.73242018e-12][ 9.49475496e+00  1.13972473e-01 -5.74571437e+00  4.93390314e-02
  3.81084816e-02  8.13236610e-05 -6.01876916e-05 -1.25158557e-07
  3.48409638e-08  4.16149250e-11 -6.73242018e-12][ 1.00000000e+01  1.24031745e-01 -6.10635223e+00  4.93390314e-02
  3.81084816e-02  8.13236610e-05 -6.01876916e-05 -1.25158557e-07
  3.48409638e-08  4.16149250e-11 -6.71749638e-12]
offspring_mutation : [ 1.00000000e+01  1.24031745e-01 -5.74571437e+00  4.93390314e-02
  3.81084816e-02  8.34780618e-05 -6.01876916e-05 -1.25158557e-07
  3.48409638e-08  3.88324152e-11 -6.71749638e-12][ 9.49475496e+00  1.24031745e-01 -5.74571437e+00  4.93390314e-02
  3.96346626e-02  8.13236610e-05 -6.01876916e-05 -1.25158557e-07
  3.48409638e-08  3.88324152e-11 -6.73242018e-12][ 9.49475496e+00  1.13972473e-01 -5.74571437e+00  4.93390314e-02
  3.81084816e-02  8.13236610e-05 -6.01876916e-05 -1.19913555e-07
  3.48409638e-08  4.16149250e-11 -6.73242018e-12][ 1.00000000e+01  1.15066994e-01 -6.10635223e+00  4.93390314e-02
  3.81084816e-02  8.13236610e-05 -6.01876916e-05 -1.25158557e-07
  3.48409638e-08  4.16149250e-11 -6.71749638e-12]

Generation : 6
Parents: [ 1.00000000e+01  1.24031745e-01 -5.74571437e+00  4.93390314e-02
  3.81084816e-02  8.34780618e-05 -6.01876916e-05 -1.25158557e-07
  3.48409638e-08  3.88324152e-11 -6.71749638e-12][ 1.00000000e+01  1.15066994e-01 -6.10635223e+00  4.93390314e-02
  3.81084816e-02  8.13236610e-05 -6.01876916e-05 -1.25158557e-07
  3.48409638e-08  4.16149250e-11 -6.71749638e-12][ 1.00000000e+01  1.24031745e-01 -6.10635223e+00  4.93390314e-02
  3.81084816e-02  8.13236610e-05 -6.01876916e-05 -1.25158557e-07
  3.48409638e-08  4.16149250e-11 -6.71749638e-12][ 1.00000000e+01  1.24031745e-01 -5.74571437e+00  4.93390314e-02
  3.81084816e-02  8.13236610e-05 -6.01876916e-05 -1.25158557e-07
  3.48409638e-08  3.88324152e-11 -6.73242018e-12]
offspring crossover : [ 1.00000000e+01  1.24031745e-01 -5.74571437e+00  4.93390314e-02
  3.81084816e-02  8.34780618e-05 -6.01876916e-05 -1.25158557e-07
  3.48409638e-08  4.16149250e-11 -6.71749638e-12][ 1.00000000e+01  1.24031745e-01 -6.10635223e+00  4.93390314e-02
  3.81084816e-02  8.13236610e-05 -6.01876916e-05 -1.25158557e-07
  3.48409638e-08  4.16149250e-11 -6.71749638e-12][ 1.00000000e+01  1.24031745e-01 -5.74571437e+00  4.93390314e-02
  3.81084816e-02  8.13236610e-05 -6.01876916e-05 -1.25158557e-07
  3.48409638e-08  4.16149250e-11 -6.73242018e-12][ 1.00000000e+01  1.24031745e-01 -5.74571437e+00  4.93390314e-02
  3.81084816e-02  8.34780618e-05 -6.01876916e-05 -1.25158557e-07
  3.48409638e-08  3.88324152e-11 -6.73242018e-12]
offspring_mutation : [ 1.00000000e+01  1.24031745e-01 -5.74571437e+00  4.93390314e-02
  3.81084816e-02  8.20867571e-05 -6.01876916e-05 -1.25158557e-07
  3.48409638e-08  4.16149250e-11 -6.71749638e-12][ 1.00000000e+01  1.24031745e-01 -6.10635223e+00  4.93390314e-02
  3.81084816e-02  8.57020431e-05 -6.01876916e-05 -1.25158557e-07
  3.48409638e-08  4.16149250e-11 -6.71749638e-12][ 1.00000000e+01  1.24031745e-01 -5.74571437e+00  4.45131097e-02
  3.81084816e-02  8.13236610e-05 -6.01876916e-05 -1.25158557e-07
  3.48409638e-08  4.16149250e-11 -6.73242018e-12][ 1.00000000e+01  1.24031745e-01 -5.74571437e+00  4.45274638e-02
  3.81084816e-02  8.34780618e-05 -6.01876916e-05 -1.25158557e-07
  3.48409638e-08  3.88324152e-11 -6.73242018e-12]

Generation : 7
Parents: [ 1.00000000e+01  1.24031745e-01 -5.74571437e+00  4.93390314e-02
  3.81084816e-02  8.34780618e-05 -6.01876916e-05 -1.25158557e-07
  3.48409638e-08  3.88324152e-11 -6.71749638e-12][ 1.00000000e+01  1.24031745e-01 -5.74571437e+00  4.45131097e-02
  3.81084816e-02  8.13236610e-05 -6.01876916e-05 -1.25158557e-07
  3.48409638e-08  4.16149250e-11 -6.73242018e-12][ 1.00000000e+01  1.15066994e-01 -6.10635223e+00  4.93390314e-02
  3.81084816e-02  8.13236610e-05 -6.01876916e-05 -1.25158557e-07
  3.48409638e-08  4.16149250e-11 -6.71749638e-12][ 1.00000000e+01  1.24031745e-01 -6.10635223e+00  4.93390314e-02
  3.81084816e-02  8.13236610e-05 -6.01876916e-05 -1.25158557e-07
  3.48409638e-08  4.16149250e-11 -6.71749638e-12]
offspring crossover : [ 1.00000000e+01  1.24031745e-01 -5.74571437e+00  4.45131097e-02
  3.81084816e-02  8.13236610e-05 -6.01876916e-05 -1.25158557e-07
  3.48409638e-08  3.88324152e-11 -6.73242018e-12][ 1.00000000e+01  1.15066994e-01 -5.74571437e+00  4.45131097e-02
  3.81084816e-02  8.13236610e-05 -6.01876916e-05 -1.25158557e-07
  3.48409638e-08  4.16149250e-11 -6.73242018e-12][ 1.00000000e+01  1.24031745e-01 -6.10635223e+00  4.93390314e-02
  3.81084816e-02  8.13236610e-05 -6.01876916e-05 -1.25158557e-07
  3.48409638e-08  4.16149250e-11 -6.71749638e-12][ 1.00000000e+01  1.24031745e-01 -5.74571437e+00  4.93390314e-02
  3.81084816e-02  8.13236610e-05 -6.01876916e-05 -1.25158557e-07
  3.48409638e-08  3.88324152e-11 -6.71749638e-12]
offspring_mutation : [ 1.00000000e+01  1.24031745e-01 -5.74571437e+00  4.45131097e-02
  3.99859991e-02  8.13236610e-05 -6.01876916e-05 -1.25158557e-07
  3.48409638e-08  3.88324152e-11 -6.73242018e-12][ 1.00000000e+01  1.15066994e-01 -5.74571437e+00  4.45131097e-02
  3.81084816e-02  8.13236610e-05 -6.01876916e-05 -1.29871775e-07
  3.48409638e-08  4.16149250e-11 -6.73242018e-12][ 1.00000000e+01  1.24031745e-01 -6.10635223e+00  4.93390314e-02
  3.81084816e-02  8.13236610e-05 -6.01876916e-05 -1.25158557e-07
  3.48409638e-08  4.14619626e-11 -6.71749638e-12][ 1.00000000e+01  1.24031745e-01 -5.74571437e+00  4.93390314e-02
  3.81084816e-02  8.13236610e-05 -6.38503390e-05 -1.25158557e-07
  3.48409638e-08  3.88324152e-11 -6.71749638e-12]

Generation : 8
Parents: [ 1.00000000e+01  1.24031745e-01 -5.74571437e+00  4.93390314e-02
  3.81084816e-02  8.34780618e-05 -6.01876916e-05 -1.25158557e-07
  3.48409638e-08  3.88324152e-11 -6.71749638e-12][ 1.00000000e+01  1.24031745e-01 -6.10635223e+00  4.93390314e-02
  3.81084816e-02  8.13236610e-05 -6.01876916e-05 -1.25158557e-07
  3.48409638e-08  4.14619626e-11 -6.71749638e-12][ 1.00000000e+01  1.24031745e-01 -5.74571437e+00  4.45131097e-02
  3.81084816e-02  8.13236610e-05 -6.01876916e-05 -1.25158557e-07
  3.48409638e-08  4.16149250e-11 -6.73242018e-12][ 1.00000000e+01  1.15066994e-01 -6.10635223e+00  4.93390314e-02
  3.81084816e-02  8.13236610e-05 -6.01876916e-05 -1.25158557e-07
  3.48409638e-08  4.16149250e-11 -6.71749638e-12]
offspring crossover : [ 1.00000000e+01  1.24031745e-01 -5.74571437e+00  4.93390314e-02
  3.81084816e-02  8.13236610e-05 -6.01876916e-05 -1.25158557e-07
  3.48409638e-08  4.14619626e-11 -6.71749638e-12][ 1.00000000e+01  1.24031745e-01 -6.10635223e+00  4.93390314e-02
  3.81084816e-02  8.13236610e-05 -6.01876916e-05 -1.25158557e-07
  3.48409638e-08  4.14619626e-11 -6.73242018e-12][ 1.00000000e+01  1.15066994e-01 -5.74571437e+00  4.45131097e-02
  3.81084816e-02  8.13236610e-05 -6.01876916e-05 -1.25158557e-07
  3.48409638e-08  4.16149250e-11 -6.73242018e-12][ 1.00000000e+01  1.24031745e-01 -5.74571437e+00  4.93390314e-02
  3.81084816e-02  8.13236610e-05 -6.01876916e-05 -1.25158557e-07
  3.48409638e-08  4.16149250e-11 -6.71749638e-12]
offspring_mutation : [ 1.00000000e+01  1.24031745e-01 -5.74571437e+00  4.93390314e-02
  3.81084816e-02  8.13236610e-05 -6.07007785e-05 -1.25158557e-07
  3.48409638e-08  4.14619626e-11 -6.71749638e-12][ 1.00000000e+01  1.24031745e-01 -6.10635223e+00  4.93390314e-02
  3.81084816e-02  8.13236610e-05 -6.01876916e-05 -1.12822996e-07
  3.48409638e-08  4.14619626e-11 -6.73242018e-12][ 1.00000000e+01  1.11018155e-01 -5.74571437e+00  4.45131097e-02
  3.81084816e-02  8.13236610e-05 -6.01876916e-05 -1.25158557e-07
  3.48409638e-08  4.16149250e-11 -6.73242018e-12][ 1.00000000e+01  1.19866287e-01 -5.74571437e+00  4.93390314e-02
  3.81084816e-02  8.13236610e-05 -6.01876916e-05 -1.25158557e-07
  3.48409638e-08  4.16149250e-11 -6.71749638e-12]

Generation : 9
Parents: [ 1.00000000e+01  1.24031745e-01 -5.74571437e+00  4.93390314e-02
  3.81084816e-02  8.34780618e-05 -6.01876916e-05 -1.25158557e-07
  3.48409638e-08  3.88324152e-11 -6.71749638e-12][ 1.00000000e+01  1.24031745e-01 -6.10635223e+00  4.93390314e-02
  3.81084816e-02  8.13236610e-05 -6.01876916e-05 -1.25158557e-07
  3.48409638e-08  4.14619626e-11 -6.71749638e-12][ 1.00000000e+01  1.11018155e-01 -5.74571437e+00  4.45131097e-02
  3.81084816e-02  8.13236610e-05 -6.01876916e-05 -1.25158557e-07
  3.48409638e-08  4.16149250e-11 -6.73242018e-12][ 1.00000000e+01  1.24031745e-01 -5.74571437e+00  4.45131097e-02
  3.81084816e-02  8.13236610e-05 -6.01876916e-05 -1.25158557e-07
  3.48409638e-08  4.16149250e-11 -6.73242018e-12]
offspring crossover : [ 1.00000000e+01  1.24031745e-01 -6.10635223e+00  4.93390314e-02
  3.81084816e-02  8.13236610e-05 -6.01876916e-05 -1.25158557e-07
  3.48409638e-08  3.88324152e-11 -6.71749638e-12][ 1.00000000e+01  1.24031745e-01 -6.10635223e+00  4.93390314e-02
  3.81084816e-02  8.13236610e-05 -6.01876916e-05 -1.25158557e-07
  3.48409638e-08  4.16149250e-11 -6.71749638e-12][ 1.00000000e+01  1.24031745e-01 -5.74571437e+00  4.45131097e-02
  3.81084816e-02  8.13236610e-05 -6.01876916e-05 -1.25158557e-07
  3.48409638e-08  4.16149250e-11 -6.73242018e-12][ 1.00000000e+01  1.24031745e-01 -5.74571437e+00  4.45131097e-02
  3.81084816e-02  8.13236610e-05 -6.01876916e-05 -1.25158557e-07
  3.48409638e-08  4.16149250e-11 -6.71749638e-12]
offspring_mutation : [ 1.00000000e+01  1.24031745e-01 -6.10635223e+00  4.90421058e-02
  3.81084816e-02  8.13236610e-05 -6.01876916e-05 -1.25158557e-07
  3.48409638e-08  3.88324152e-11 -6.71749638e-12][ 1.00000000e+01  1.24031745e-01 -6.10635223e+00  4.93390314e-02
  3.78706951e-02  8.13236610e-05 -6.01876916e-05 -1.25158557e-07
  3.48409638e-08  4.16149250e-11 -6.71749638e-12][ 1.00000000e+01  1.24031745e-01 -5.74571437e+00  4.45131097e-02
  3.81084816e-02  8.13236610e-05 -6.01876916e-05 -1.25158557e-07
  3.57731456e-08  4.16149250e-11 -6.73242018e-12][ 1.00000000e+01  1.24031745e-01 -5.74571437e+00  4.45131097e-02
  3.81084816e-02  8.13236610e-05 -6.01876916e-05 -1.34167303e-07
  3.48409638e-08  4.16149250e-11 -6.71749638e-12]

Best Solution: 
[[[ 1.00000000e+01  1.24031745e-01 -5.74571437e+00  4.93390314e-02
    3.81084816e-02  8.34780618e-05 -6.01876916e-05 -1.25158557e-07
    3.48409638e-08  3.88324152e-11 -6.71749638e-12]]]
